x y z index horizontal_angle intensity ClassNum Distance Range_meter Laser_Line_Number sensorCount 
1084 2280 -31 133 2625 55 25 2371 23.709999 1 0 
1093 2251 -30 134 2675 77 25 2349 23.490000 1 0 
1086 2193 -29 135 2725 53 25 2294 22.940001 1 0 
1083 2145 -28 136 2775 53 25 2250 22.500000 1 0 
1081 2100 -27 137 2825 53 25 2210 22.100000 1 0 
1081 2059 -26 138 2875 55 25 2174 21.740000 1 0 
1082 2022 -25 139 2925 59 25 2142 21.420000 1 0 
1082 1985 -24 140 2975 57 25 2110 21.100000 1 0 
1076 1921 -22 141 3050 59 25 2051 20.510000 1 0 
1082 1861 -21 142 3150 55 25 2003 20.030001 1 0 
1080 1794 -19 143 3250 57 25 1945 19.450001 1 0 
1081 1733 -17 144 3350 57 25 1894 18.940001 1 0 
1081 1568 -13 147 3650 45 25 1759 17.590000 1 0 
37 7249 -86 65 36000 25 25 7095 70.949997 2 0 
245 2551 -24 66 500 63 25 2406 24.059999 2 0 
255 2543 -23 67 525 67 25 2399 23.990000 2 0 
265 2537 -23 68 550 37 25 2394 23.940001 2 0 
285 2532 -22 69 600 61 25 2391 23.910000 2 0 
296 2532 -22 70 625 81 25 2392 23.920000 2 0 
306 2528 -22 71 650 113 25 2389 23.889999 2 0 
316 2526 -21 72 675 113 25 2389 23.889999 2 0 
327 2528 -21 73 700 113 25 2392 23.920000 2 0 
338 2535 -21 74 725 109 25 2400 24.000000 2 0 
348 2530 -21 75 750 53 25 2397 23.969999 2 0 
381 2542 -20 76 825 57 25 2413 24.129999 2 0 
393 2548 -20 77 850 61 25 2421 24.209999 2 0 
1077 1759 8 105 3300 21 25 1914 19.139999 2 0 
1079 1703 8 106 3400 29 25 1868 18.680000 2 0 
1075 1640 9 107 3500 37 25 1814 18.139999 2 0 
1077 1588 10 108 3600 49 25 1773 17.730000 2 0 
1075 1486 11 110 3800 49 25 1690 16.900000 2 0 
295 2538 10 67 625 45 25 2398 23.980000 3 0 
305 2535 11 68 650 49 25 2396 23.959999 3 0 
316 2533 11 69 675 51 25 2396 23.959999 3 0 
326 2532 11 70 700 51 25 2396 23.959999 3 0 
337 2535 11 71 725 53 25 2400 24.000000 3 0 
13 7270 -7 500 223 27 25 7112 71.126007 13 1 
36 7271 -7 501 242 15 25 7114 71.142006 13 1 
86 7279 -6 502 282 30 25 7122 71.222000 13 1 
320 7519 -2 503 461 250 25 7369 73.698006 13 1 
345 7510 -2 504 481 250 25 7361 73.618004 13 1 
371 7511 -1 505 501 25 25 7363 73.638000 13 1 
396 7510 -1 506 521 22 25 7364 73.644005 13 1 
446 7521 0 507 559 127 25 7378 73.786003 13 1 
424 5004 -8 508 719 42 25 4866 48.666004 13 1 
439 4976 -8 509 739 85 25 4840 48.406002 13 1 
455 4981 -8 510 758 42 25 4846 48.466003 13 1 
249 2777 -18 511 778 12 25 2633 26.330002 13 1 
249 2679 -18 512 798 10 25 2536 25.362001 13 1 
259 2540 -18 513 858 22 25 2398 23.986002 13 1 
284 2534 -18 514 918 255 25 2395 23.956001 13 1 
385 2532 -16 515 1157 145 25 2408 24.088001 13 1 
393 2533 -16 516 1177 157 25 2410 24.108002 13 1 
402 2531 -16 517 1197 32 25 2410 24.100000 13 1 
411 2536 -16 518 1217 10 25 2417 24.172001 13 1 
1093 2837 -2 528 2449 45 25 2900 29.000002 13 1 
1102 2832 -2 529 2469 15 25 2899 28.994001 13 1 
1085 2426 -3 530 2788 10 25 2521 25.216002 13 1 
1085 2406 -3 531 2808 10 25 2504 25.040001 13 1 
1086 2277 -3 532 2947 10 25 2388 23.888000 13 1 
1092 2183 -3 534 3066 10 25 2309 23.092001 13 1 
1087 2033 -3 535 3245 7 25 2176 21.760000 13 1 
1085 2015 -4 536 3265 7 25 2159 21.592001 13 1 
1086 2002 -4 537 3285 7 25 2149 21.492001 13 1 
1087 1990 -4 538 3304 7 25 2139 21.394001 13 1 
1088 1978 -3 539 3324 7 25 2129 21.294001 13 1 
1084 1957 -4 540 3344 7 25 2109 21.094002 13 1 
1091 1953 -3 541 3365 7 25 2109 21.094002 13 1 
1087 1932 -4 542 3385 7 25 2089 20.894001 13 1 
1082 1912 -4 543 3403 7 25 2069 20.694000 13 1 
1088 1908 -4 544 3424 7 25 2069 20.694000 13 1 
1084 1887 -4 545 3445 7 25 2049 20.494001 13 1 
1085 1862 -4 546 3484 7 25 2029 20.294001 13 1 
1086 1853 -4 547 3503 7 25 2022 20.222000 13 1 
1084 1824 -4 548 3542 7 25 1996 19.966002 13 1 
1086 1814 -4 549 3562 7 25 1989 19.894001 13 1 
1089 1805 -4 550 3583 7 25 1984 19.842001 13 1 
1081 1769 -4 551 3623 7 25 1949 19.498001 13 1 
1086 1717 -4 553 3723 7 25 1909 19.098001 13 1 
1088 1709 -4 554 3742 7 25 1904 19.042002 13 1 
1081 1689 -4 555 3762 7 25 1884 18.842001 13 1 
1078 1673 -4 556 3782 7 25 1869 18.698000 13 1 
1084 1669 -4 557 3802 7 25 1869 18.698000 13 1 
1084 1616 -4 562 3901 7 25 1826 18.266001 13 1 
1081 1602 -4 563 3922 7 25 1814 18.142000 13 1 
1079 1418 -4 582 4298 5 25 1669 16.696001 13 1 
281 -3296 -61 707 17902 12 25 3314 33.148003 44 3 
269 -3281 -61 708 17921 12 25 3300 33.000000 44 3 
165 -3280 -59 709 18101 12 25 3294 32.948002 44 3 
154 -3280 -59 710 18121 12 25 3294 32.948002 44 3 
142 -3276 -58 711 18141 12 25 3291 32.912003 44 3 
131 -3266 -58 712 18161 25 25 3281 32.812000 44 3 
119 -3269 -58 713 18181 12 25 3284 32.840000 44 3 
346 2532 31 0 734 17 25 2530 25.300001 45 3 
1092 2040 15 1 2784 7 25 2252 22.524000 45 3 
1090 1884 13 2 2964 5 25 2112 21.124001 45 3 
1087 1703 10 6 3203 5 25 1952 19.524000 45 3 
1084 1659 9 9 3263 5 25 1912 19.128000 45 3 
1081 1591 9 12 3361 5 25 1852 18.528002 45 3 
