x y z index horizontal_angle intensity ClassNum Distance Range_meter Laser_Line_Number sensorCount 
-731 1153 -46 0 32250 29 25 1260 12.600000 1 0 
-637 1064 -41 1 32350 129 25 1132 11.320000 1 0 
-702 1189 -46 2 32450 61 25 1272 12.720000 1 0 
-557 1121 -40 3 32850 67 25 1135 11.350000 1 0 
-535 1123 -40 4 32950 79 25 1125 11.250000 1 0 
-528 1142 -40 5 33025 43 25 1138 11.380000 1 0 
-520 1148 -40 6 33075 67 25 1139 11.390000 1 0 
-535 1195 -42 7 33125 69 25 1188 11.880000 1 0 
-523 1195 -41 8 33175 75 25 1182 11.820000 1 0 
-518 1208 -42 9 33225 53 25 1191 11.910000 1 0 
-537 972 -22 0 32500 37 25 998 9.980000 2 0 
-526 987 -22 1 32600 79 25 1005 10.050000 2 0 
-522 1013 -22 2 32700 73 25 1024 10.240000 2 0 
-519 1043 -23 3 32800 81 25 1048 10.480000 2 0 
-517 1074 -23 4 32900 71 25 1073 10.730000 2 0 
-516 1110 -24 5 33000 81 25 1104 11.040000 2 0 
-516 1129 -24 6 33050 71 25 1120 11.200000 2 0 
-534 1183 -25 7 33100 81 25 1176 11.760000 2 0 
-537 1209 -25 8 33150 69 25 1200 12.000000 2 0 
-526 1210 -25 9 33200 83 25 1196 11.960000 2 0 
-521 1224 -25 10 33250 57 25 1206 12.060000 2 0 
-518 1242 -25 11 33300 77 25 1221 12.210000 2 0 
-516 1260 -26 12 33350 69 25 1236 12.360000 2 0 
-515 1284 -26 13 33400 79 25 1257 12.570000 2 0 
-513 1306 -26 14 33450 69 25 1276 12.760000 2 0 
-514 1333 -26 15 33500 77 25 1301 13.010000 2 0 
-513 1358 -27 16 33550 69 25 1323 13.230000 2 0 
-513 1386 -27 17 33600 75 25 1349 13.490000 2 0 
-514 1420 -28 18 33650 65 25 1380 13.800000 2 0 
-511 1443 -28 19 33700 75 25 1400 14.000000 2 0 
-512 1478 -28 20 33750 63 25 1433 14.330000 2 0 
-511 1509 -29 21 33800 77 25 1461 14.610000 2 0 
-514 1551 -29 22 33850 59 25 1501 15.010000 2 0 
-516 1593 -30 23 33900 75 25 1541 15.410000 2 0 
-514 1625 -30 24 33950 63 25 1570 15.700000 2 0 
-506 1643 -30 25 34000 71 25 1585 15.850000 2 0 
-505 1683 -31 26 34050 59 25 1622 16.219999 2 0 
-1088 4839 -83 29 34650 51 25 4818 48.180000 2 0 
-1045 4840 -82 30 34700 49 25 4810 48.099998 2 0 
-1002 4840 -81 31 34750 95 25 4800 48.000000 2 0 
-525 955 -8 0 32500 57 25 978 9.780000 3 0 
-522 981 -8 1 32600 73 25 997 9.970000 3 0 
-518 1007 -8 2 32700 73 25 1017 10.170000 3 0 
-519 1041 -8 3 32800 83 25 1046 10.460000 3 0 
-517 1074 -8 4 32900 73 25 1073 10.730000 3 0 
-517 1112 -8 5 33000 81 25 1106 11.060000 3 0 
-516 1130 -8 6 33050 73 25 1121 11.210000 3 0 
-533 1180 -9 7 33100 87 25 1173 11.730000 3 0 
-538 1210 -9 8 33150 69 25 1202 12.020000 3 0 
-527 1212 -8 9 33200 81 25 1198 11.980000 3 0 
-519 1219 -8 10 33250 59 25 1201 12.010000 3 0 
-520 1245 -8 11 33300 79 25 1224 12.240000 3 0 
-515 1258 -8 12 33350 69 25 1234 12.340000 3 0 
-515 1283 -8 13 33400 77 25 1256 12.560000 3 0 
-513 1304 -8 14 33450 71 25 1274 12.740000 3 0 
-513 1331 -8 15 33500 81 25 1298 12.980000 3 0 
-512 1356 -8 16 33550 67 25 1321 13.210000 3 0 
-513 1386 -8 17 33600 79 25 1348 13.480000 3 0 
-513 1415 -8 18 33650 69 25 1375 13.750000 3 0 
-511 1443 -8 19 33700 77 25 1400 14.000000 3 0 
-510 1472 -8 20 33750 67 25 1426 14.260000 3 0 
-512 1509 -8 21 33800 75 25 1461 14.610000 3 0 
-516 1555 -8 22 33850 63 25 1506 15.060000 3 0 
-519 1600 -8 23 33900 73 25 1549 15.490000 3 0 
-514 1625 -8 24 33950 67 25 1570 15.700000 3 0 
-505 1640 -8 25 34000 75 25 1581 15.810000 3 0 
-1484 2084 -35 189 32468 10 25 2423 24.234001 13 1 
-1471 2083 -35 190 32489 22 25 2414 24.146002 13 1 
-1475 2103 -35 191 32510 22 25 2433 24.330002 13 1 
-1467 2106 -35 192 32529 22 25 2430 24.306002 13 1 
-1458 2106 -35 193 32548 22 25 2425 24.254002 13 1 
-1448 2107 -35 194 32568 10 25 2420 24.202002 13 1 
-1406 2064 -35 195 32588 20 25 2361 23.610001 13 1 
-1412 2086 -35 196 32608 20 25 2382 23.822001 13 1 
-745 1173 -32 197 32629 5 25 1251 12.510000 13 1 
-744 1179 -32 198 32648 10 25 1255 12.554001 13 1 
-744 1186 -32 199 32668 17 25 1261 12.612000 13 1 
-744 1194 -32 200 32688 17 25 1268 12.680000 13 1 
-744 1203 -32 201 32709 17 25 1274 12.748000 13 1 
-741 1206 -32 202 32728 17 25 1276 12.764001 13 1 
-739 1210 -32 203 32748 22 25 1278 12.784000 13 1 
-736 1214 -32 204 32768 27 25 1279 12.792001 13 1 
-732 1216 -32 205 32788 27 25 1279 12.792001 13 1 
-727 1216 -32 206 32807 27 25 1275 12.758000 13 1 
-719 1212 -32 207 32827 22 25 1268 12.680000 13 1 
-711 1209 -32 208 32847 22 25 1261 12.614000 13 1 
-705 1208 -32 209 32868 22 25 1258 12.580001 13 1 
-701 1209 -32 210 32887 22 25 1255 12.556001 13 1 
-695 1208 -32 211 32907 22 25 1252 12.526001 13 1 
-692 1211 -32 212 32926 22 25 1253 12.532001 13 1 
-700 1232 -32 213 32946 22 25 1275 12.754001 13 1 
-636 1139 -32 214 32966 15 25 1162 11.620001 13 1 
-632 1140 -32 215 32987 10 25 1160 11.606001 13 1 
-628 1141 -32 216 33007 15 25 1159 11.596001 13 1 
-623 1141 -32 217 33027 15 25 1156 11.568001 13 1 
-618 1140 -32 218 33046 10 25 1153 11.534000 13 1 
-613 1140 -32 219 33066 15 25 1150 11.508000 13 1 
-613 1147 -32 220 33085 22 25 1156 11.566001 13 1 
-612 1154 -32 221 33106 15 25 1162 11.624001 13 1 
-611 1160 -32 222 33125 22 25 1167 11.674001 13 1 
-614 1173 -32 223 33145 15 25 1179 11.796000 13 1 
-618 1188 -32 224 33165 10 25 1194 11.946000 13 1 
-621 1202 -32 225 33185 10 25 1207 12.078001 13 1 
-619 1206 -32 226 33205 10 25 1211 12.110001 13 1 
-600 1181 -32 227 33225 15 25 1179 11.792001 13 1 
-544 1092 -31 228 33245 5 25 1074 10.742001 13 1 
-542 1095 -31 229 33265 5 25 1076 10.762000 13 1 
-551 1120 -31 230 33285 15 25 1102 11.024000 13 1 
-549 1124 -31 231 33305 27 25 1104 11.048000 13 1 
-545 1124 -31 232 33325 27 25 1102 11.026001 13 1 
-544 1131 -31 233 33345 22 25 1108 11.088000 13 1 
-542 1136 -31 234 33365 22 25 1112 11.120001 13 1 
-542 1142 -31 235 33385 27 25 1117 11.174001 13 1 
-538 1143 -31 236 33404 32 25 1116 11.166000 13 1 
-536 1148 -31 237 33424 22 25 1119 11.196000 13 1 
-535 1154 -31 238 33444 27 25 1124 11.242001 13 1 
-535 1164 -31 239 33464 22 25 1133 11.332001 13 1 
-536 1173 -31 240 33483 27 25 1141 11.418000 13 1 
-537 1183 -31 241 33502 27 25 1151 11.510000 13 1 
-536 1191 -31 242 33523 22 25 1158 11.580001 13 1 
-534 1197 -31 243 33544 10 25 1162 11.626000 13 1 
-534 1205 -31 244 33565 10 25 1169 11.698001 13 1 
-514 1174 -31 245 33583 10 25 1132 11.326000 13 1 
-512 1178 -31 246 33603 27 25 1136 11.360001 13 1 
-511 1186 -31 247 33623 45 25 1142 11.420000 13 1 
-511 1194 -31 248 33643 50 25 1149 11.498000 13 1 
-510 1202 -31 249 33663 45 25 1156 11.568001 13 1 
-510 1212 -31 250 33682 45 25 1165 11.652000 13 1 
-510 1221 -31 251 33702 45 25 1174 11.740001 13 1 
-510 1230 -31 252 33722 45 25 1181 11.814000 13 1 
-509 1239 -31 253 33742 45 25 1189 11.894001 13 1 
-509 1248 -31 254 33762 40 25 1197 11.974001 13 1 
-509 1258 -31 255 33782 40 25 1207 12.072001 13 1 
-509 1269 -31 256 33801 27 25 1217 12.170001 13 1 
-509 1279 -31 257 33821 10 25 1226 12.262001 13 1 
-513 1300 -31 258 33841 10 25 1247 12.470000 13 1 
-536 1365 -31 259 33862 12 25 1315 13.154000 13 1 
-526 1352 -31 260 33881 30 25 1300 13.000001 13 1 
-522 1352 -31 261 33901 22 25 1298 12.984000 13 1 
-517 1354 -31 262 33921 27 25 1297 12.978001 13 1 
-513 1356 -31 263 33941 22 25 1298 12.980000 13 1 
-512 1364 -31 264 33960 5 25 1305 13.054001 13 1 
-516 1386 -31 265 33980 17 25 1327 13.272000 13 1 
-511 1386 -31 266 34000 12 25 1325 13.254001 13 1 
-507 1389 -31 267 34020 17 25 1327 13.272000 13 1 
-507 1401 -31 268 34040 25 25 1338 13.380001 13 1 
-507 1413 -31 269 34059 25 25 1348 13.488001 13 1 
-507 1426 -31 270 34079 25 25 1360 13.608001 13 1 
-506 1438 -31 271 34099 25 25 1371 13.716001 13 1 
-506 1451 -31 272 34119 17 25 1384 13.844001 13 1 
-505 1463 -31 273 34140 17 25 1395 13.952001 13 1 
-505 1475 -31 274 34159 12 25 1406 14.062000 13 1 
-505 1490 -31 275 34178 12 25 1420 14.206000 13 1 
-506 1505 -31 276 34198 17 25 1434 14.348001 13 1 
-505 1517 -30 277 34218 17 25 1445 14.456000 13 1 
-504 1531 -30 278 34238 17 25 1458 14.588000 13 1 
-504 1546 -30 279 34258 17 25 1472 14.724001 13 1 
-504 1561 -30 280 34278 17 25 1486 14.864000 13 1 
-504 1576 -30 281 34298 20 25 1501 15.012001 13 1 
-503 1590 -30 282 34318 20 25 1514 15.142001 13 1 
-503 1607 -30 283 34339 20 25 1530 15.300001 13 1 
-503 1623 -30 284 34358 12 25 1545 15.454000 13 1 
-504 1642 -30 285 34377 12 25 1563 15.638000 13 1 
-503 1659 -30 286 34397 12 25 1579 15.798000 13 1 
-508 1694 -30 287 34418 20 25 1614 16.140001 13 1 
-504 1699 -30 288 34438 12 25 1618 16.182001 13 1 
-504 1717 -30 289 34458 12 25 1635 16.350000 13 1 
-507 1745 -30 290 34477 12 25 1662 16.626001 13 1 
-515 1792 -30 291 34497 12 25 1709 17.098001 13 1 
-503 1772 -30 292 34516 20 25 1687 16.872002 13 1 
-497 1774 -30 293 34537 5 25 1687 16.874001 13 1 
-498 1797 -30 294 34557 5 25 1709 17.094000 13 1 
-504 1840 -30 295 34577 12 25 1752 17.526001 13 1 
-499 1842 -30 296 34596 20 25 1753 17.530001 13 1 
-1109 5029 -27 297 34934 45 25 4993 49.934002 13 1 
-1111 5287 -27 298 34994 47 25 5245 52.458004 13 1 
-968 5031 -26 299 35093 45 25 4966 49.662003 13 1 
-736 1092 49 116 32433 55 25 1183 11.836000 14 1 
-726 1091 49 117 32471 7 25 1177 11.770000 14 1 
-715 1091 49 118 32513 102 25 1170 11.702001 14 1 
-710 1090 48 119 32532 82 25 1166 11.666000 14 1 
-705 1090 48 120 32551 87 25 1163 11.630000 14 1 
-699 1090 48 121 32571 90 25 1159 11.598001 14 1 
-695 1090 48 122 32591 92 25 1157 11.574000 14 1 
-689 1089 47 123 32611 90 25 1153 11.530001 14 1 
-683 1089 47 124 32632 90 25 1149 11.494000 14 1 
-679 1089 47 125 32652 82 25 1146 11.466001 14 1 
-674 1089 47 126 32671 82 25 1144 11.446000 14 1 
-669 1089 47 127 32692 85 25 1141 11.418000 14 1 
-664 1088 46 128 32712 92 25 1137 11.378000 14 1 
-658 1087 46 129 32732 90 25 1133 11.338000 14 1 
-654 1087 46 130 32751 85 25 1131 11.310000 14 1 
-650 1088 46 131 32771 82 25 1129 11.298000 14 1 
-645 1089 46 132 32791 77 25 1127 11.278001 14 1 
-641 1089 46 133 32811 77 25 1125 11.250001 14 1 
-636 1088 45 134 32830 75 25 1121 11.218000 14 1 
-630 1087 45 135 32851 65 25 1118 11.182000 14 1 
-626 1089 45 136 32871 55 25 1117 11.170000 14 1 
-622 1089 45 137 32891 37 25 1115 11.152000 14 1 
-617 1088 45 138 32910 20 25 1111 11.118001 14 1 
-612 1087 45 139 32930 15 25 1107 11.076000 14 1 
-609 1090 45 140 32949 27 25 1108 11.084001 14 1 
-605 1091 45 141 32970 30 25 1108 11.080001 14 1 
-601 1092 45 142 32990 37 25 1106 11.062000 14 1 
-596 1091 44 143 33010 35 25 1102 11.028001 14 1 
-588 1086 44 144 33030 72 25 1094 10.942000 14 1 
-585 1088 44 145 33050 97 25 1094 10.940001 14 1 
-581 1088 44 146 33069 107 25 1092 10.926001 14 1 
-577 1089 44 147 33089 100 25 1091 10.910001 14 1 
-573 1089 43 148 33109 97 25 1088 10.886001 14 1 
-568 1088 43 149 33129 90 25 1085 10.850000 14 1 
-564 1088 43 150 33148 92 25 1083 10.838000 14 1 
-560 1089 43 151 33168 97 25 1081 10.818001 14 1 
-556 1090 43 152 33188 100 25 1081 10.810000 14 1 
-551 1089 43 153 33208 107 25 1077 10.778001 14 1 
-547 1089 43 154 33228 107 25 1075 10.754001 14 1 
-542 1089 43 155 33248 107 25 1073 10.734000 14 1 
-540 1092 43 156 33268 65 25 1074 10.744000 14 1 
-536 1101 43 157 33308 2 25 1081 10.810000 14 1 
-527 1091 42 158 33328 12 25 1067 10.678000 14 1 
-519 1092 42 159 33368 102 25 1064 10.648001 14 1 
-516 1094 42 160 33388 107 25 1065 10.654000 14 1 
-513 1098 42 161 33408 90 25 1067 10.670000 14 1 
-512 1102 42 162 33427 72 25 1070 10.700001 14 1 
-511 1108 43 163 33447 60 25 1075 10.750001 14 1 
-512 1118 43 164 33467 50 25 1084 10.846001 14 1 
-511 1125 44 165 33486 47 25 1090 10.908001 14 1 
-511 1132 44 166 33505 55 25 1096 10.968000 14 1 
-510 1140 45 167 33526 42 25 1103 11.036000 14 1 
-510 1149 45 168 33547 37 25 1111 11.114000 14 1 
-510 1157 46 169 33568 27 25 1118 11.188001 14 1 
-511 1167 47 170 33586 15 25 1127 11.278001 14 1 
-510 1174 47 171 33606 17 25 1134 11.342001 14 1 
-509 1181 47 172 33626 27 25 1139 11.398001 14 1 
-509 1191 48 173 33646 22 25 1149 11.492001 14 1 
-510 1202 49 174 33666 37 25 1159 11.592001 14 1 
-510 1213 49 175 33686 37 25 1169 11.690001 14 1 
-510 1220 50 176 33705 40 25 1175 11.756001 14 1 
-509 1229 51 177 33725 40 25 1183 11.832001 14 1 
-509 1238 51 178 33745 35 25 1191 11.912001 14 1 
-509 1249 52 179 33765 45 25 1201 12.012001 14 1 
-509 1258 52 180 33785 37 25 1209 12.098001 14 1 
-509 1268 53 181 33805 45 25 1218 12.188001 14 1 
-508 1277 54 182 33824 37 25 1226 12.264001 14 1 
-508 1287 54 183 33845 40 25 1235 12.358001 14 1 
-508 1299 55 184 33865 37 25 1246 12.464001 14 1 
-508 1309 56 185 33885 42 25 1256 12.564000 14 1 
-507 1319 56 186 33904 35 25 1265 12.650001 14 1 
-507 1329 57 187 33924 40 25 1273 12.736001 14 1 
-507 1341 58 188 33944 35 25 1285 12.854001 14 1 
-507 1352 59 189 33964 40 25 1295 12.950001 14 1 
-507 1364 59 190 33983 35 25 1306 13.066001 14 1 
-506 1375 60 191 34003 37 25 1316 13.162001 14 1 
-505 1385 61 192 34023 32 25 1325 13.254001 14 1 
-505 1397 62 193 34043 40 25 1336 13.364000 14 1 
-506 1410 62 194 34062 30 25 1348 13.488001 14 1 
-505 1422 63 195 34082 27 25 1359 13.598001 14 1 
-505 1433 64 196 34102 25 25 1370 13.704000 14 1 
-504 1445 65 197 34123 25 25 1381 13.810000 14 1 
-504 1458 66 198 34143 22 25 1393 13.934001 14 1 
-504 1472 67 199 34162 22 25 1406 14.068001 14 1 
-504 1486 67 200 34181 25 25 1419 14.194000 14 1 
-503 1499 68 201 34201 22 25 1431 14.312000 14 1 
-503 1511 69 202 34221 22 25 1442 14.428000 14 1 
-503 1526 70 203 34241 22 25 1457 14.572001 14 1 
-502 1540 71 204 34261 20 25 1469 14.698001 14 1 
-502 1556 72 205 34281 20 25 1484 14.848001 14 1 
-501 1569 73 206 34301 20 25 1497 14.974001 14 1 
-501 1584 74 207 34322 20 25 1511 15.110001 14 1 
-500 1599 75 208 34342 17 25 1525 15.254001 14 1 
-500 1616 76 209 34361 20 25 1541 15.412001 14 1 
-501 1633 77 210 34380 20 25 1557 15.576001 14 1 
-500 1648 78 211 34401 17 25 1571 15.718000 14 1 
-499 1665 80 212 34421 17 25 1587 15.876000 14 1 
-499 1681 81 213 34441 17 25 1603 16.032001 14 1 
-498 1699 82 214 34461 17 25 1620 16.200001 14 1 
-498 1718 83 215 34481 17 25 1638 16.382000 14 1 
-498 1735 84 216 34500 17 25 1654 16.548000 14 1 
-497 1753 86 217 34520 17 25 1671 16.712000 14 1 
-496 1770 87 218 34540 7 25 1687 16.870001 14 1 
-495 1787 88 219 34560 12 25 1703 17.034000 14 1 
-494 1804 89 220 34580 7 25 1719 17.198000 14 1 
-499 1843 92 221 34600 5 25 1758 17.582001 14 1 
-495 1852 93 222 34619 2 25 1765 17.658001 14 1 
-738 1094 91 47 32435 92 25 1190 11.900001 15 1 
-733 1094 91 48 32454 117 25 1186 11.866000 15 1 
-726 1091 90 49 32473 105 25 1180 11.802001 15 1 
-720 1091 90 50 32494 100 25 1176 11.764001 15 1 
-715 1092 90 51 32515 105 25 1174 11.742001 15 1 
-710 1091 89 52 32534 115 25 1170 11.708000 15 1 
-704 1090 89 53 32553 115 25 1166 11.664001 15 1 
-699 1089 89 54 32573 112 25 1162 11.626000 15 1 
-693 1089 88 55 32593 105 25 1158 11.586000 15 1 
-689 1089 88 56 32613 112 25 1156 11.566001 15 1 
-684 1090 88 57 32634 112 25 1154 11.542001 15 1 
-678 1088 87 58 32653 112 25 1149 11.498000 15 1 
-672 1087 87 59 32673 87 25 1144 11.448001 15 1 
-667 1087 86 60 32693 80 25 1141 11.418000 15 1 
-664 1089 87 61 32714 122 25 1142 11.424001 15 1 
-659 1088 86 62 32733 115 25 1138 11.384001 15 1 
-654 1088 86 63 32753 87 25 1135 11.352000 15 1 
-648 1087 85 64 32773 75 25 1131 11.310000 15 1 
-644 1087 85 65 32793 85 25 1128 11.288000 15 1 
-640 1088 85 66 32812 122 25 1127 11.276001 15 1 
-635 1088 85 67 32832 137 25 1125 11.250001 15 1 
-630 1087 84 68 32852 87 25 1120 11.208000 15 1 
-625 1087 84 69 32873 80 25 1117 11.178000 15 1 
-621 1087 84 70 32892 77 25 1115 11.158001 15 1 
-617 1088 84 71 32912 122 25 1114 11.144000 15 1 
-613 1089 84 72 32931 100 25 1112 11.128000 15 1 
-607 1087 83 73 32951 85 25 1108 11.086000 15 1 
-602 1086 83 74 32971 85 25 1105 11.050000 15 1 
-598 1087 83 75 32992 125 25 1104 11.040001 15 1 
-595 1089 83 76 33012 157 25 1103 11.034000 15 1 
-590 1089 82 77 33032 90 25 1100 11.006001 15 1 
-585 1088 82 78 33051 87 25 1097 10.972000 15 1 
-580 1087 82 79 33071 87 25 1094 10.944000 15 1 
-576 1088 82 80 33090 112 25 1093 10.930000 15 1 
-573 1089 82 81 33111 132 25 1092 10.924001 15 1 
-569 1090 82 82 33130 137 25 1091 10.910001 15 1 
-564 1088 81 83 33150 87 25 1086 10.868001 15 1 
-559 1089 81 84 33170 145 25 1085 10.852000 15 1 
-554 1087 81 85 33190 75 25 1081 10.814000 15 1 
-552 1091 81 86 33210 140 25 1083 10.834001 15 1 
-548 1091 81 87 33230 150 25 1080 10.808001 15 1 
-543 1090 80 88 33250 122 25 1077 10.774000 15 1 
-538 1089 80 89 33270 127 25 1075 10.750001 15 1 
-534 1090 80 90 33290 135 25 1073 10.736000 15 1 
-531 1091 80 91 33310 132 25 1073 10.732000 15 1 
-527 1092 80 92 33330 140 25 1072 10.720000 15 1 
-522 1092 79 93 33350 132 25 1069 10.692000 15 1 
-519 1092 79 94 33370 152 25 1068 10.680000 15 1 
-516 1094 79 95 33390 152 25 1068 10.684001 15 1 
-513 1098 80 96 33409 125 25 1070 10.702001 15 1 
-512 1102 80 97 33429 80 25 1073 10.738001 15 1 
-511 1109 81 98 33449 72 25 1078 10.788000 15 1 
-510 1116 81 99 33469 77 25 1085 10.854000 15 1 
-510 1124 82 100 33488 75 25 1092 10.924001 15 1 
-510 1131 83 101 33507 62 25 1099 10.990001 15 1 
-510 1139 83 102 33528 67 25 1105 11.056001 15 1 
-509 1148 84 103 33549 65 25 1113 11.132001 15 1 
-508 1155 85 104 33570 45 25 1119 11.194000 15 1 
-510 1166 86 105 33588 50 25 1130 11.304001 15 1 
-511 1177 87 106 33608 60 25 1140 11.400001 15 1 
-511 1186 88 107 33628 62 25 1148 11.486001 15 1 
-510 1193 89 108 33648 55 25 1154 11.548000 15 1 
-509 1201 89 109 33668 62 25 1161 11.614000 15 1 
-509 1209 90 110 33687 52 25 1168 11.686001 15 1 
-509 1220 91 111 33707 47 25 1178 11.782001 15 1 
-510 1230 92 112 33727 57 25 1188 11.882001 15 1 
-509 1238 93 113 33747 47 25 1195 11.954000 15 1 
-508 1248 94 114 33767 55 25 1203 12.036000 15 1 
-508 1258 95 115 33787 52 25 1213 12.130000 15 1 
-508 1267 96 116 33806 47 25 1221 12.218000 15 1 
-508 1277 97 117 33826 50 25 1230 12.308001 15 1 
-507 1287 98 118 33846 42 25 1239 12.390000 15 1 
-507 1296 99 119 33867 47 25 1247 12.478001 15 1 
-507 1307 100 120 33886 37 25 1257 12.578001 15 1 
-507 1318 101 121 33906 42 25 1267 12.676001 15 1 
-507 1329 102 122 33926 40 25 1278 12.784000 15 1 
-506 1340 103 123 33946 45 25 1287 12.876000 15 1 
-506 1351 104 124 33965 42 25 1298 12.982000 15 1 
-505 1361 105 125 33985 42 25 1307 13.070001 15 1 
-506 1373 106 126 34005 37 25 1318 13.186001 15 1 
-506 1387 107 127 34025 42 25 1331 13.318001 15 1 
-505 1397 108 128 34045 35 25 1340 13.402000 15 1 
-505 1409 110 129 34064 42 25 1351 13.518001 15 1 
-505 1421 111 130 34084 37 25 1362 13.626000 15 1 
-505 1434 112 131 34104 40 25 1375 13.756001 15 1 
-505 1447 113 132 34124 40 25 1387 13.872001 15 1 
-504 1459 115 133 34145 32 25 1398 13.982000 15 1 
-503 1471 116 134 34164 30 25 1409 14.092001 15 1 
-503 1483 117 135 34183 10 25 1420 14.206000 15 1 
-508 1510 120 136 34203 2 25 1448 14.482000 15 1 
-511 1565 126 137 34263 2 25 1501 15.014001 15 1 
-511 1582 127 138 34283 5 25 1517 15.174001 15 1 
-511 1599 129 139 34303 5 25 1533 15.334001 15 1 
-507 1602 129 140 34323 10 25 1535 15.350000 15 1 
-501 1603 129 141 34344 2 25 1533 15.338000 15 1 
-514 1657 135 142 34363 12 25 1589 15.892001 15 1 
-515 1677 137 143 34382 22 25 1609 16.094000 15 1 
-515 1694 139 144 34402 22 25 1625 16.250000 15 1 
-512 1703 140 145 34423 10 25 1633 16.330000 15 1 
-508 1712 140 146 34443 2 25 1640 16.402000 15 1 
-507 1766 146 147 34502 2 25 1692 16.922001 15 1 
-501 1765 146 148 34521 15 25 1689 16.896000 15 1 
-498 1774 147 149 34542 7 25 1697 16.970001 15 1 
-501 1829 152 150 34582 2 25 1751 17.510000 15 1 
-497 1835 153 151 34601 2 25 1755 17.550001 15 1 
-480 1889 158 152 34701 2 25 1803 18.030001 15 1 
-743 1094 134 22 32417 22 25 1198 11.980000 16 1 
-738 1095 133 23 32436 90 25 1196 11.964001 16 1 
-733 1095 133 24 32455 85 25 1192 11.926001 16 1 
-727 1093 132 25 32475 90 25 1187 11.876000 16 1 
-721 1093 132 26 32496 85 25 1183 11.834001 16 1 
-715 1092 131 27 32516 90 25 1179 11.794001 16 1 
-710 1092 131 28 32535 90 25 1176 11.766001 16 1 
-705 1092 130 29 32555 95 25 1173 11.730000 16 1 
-700 1091 130 30 32575 90 25 1169 11.694000 16 1 
-693 1089 129 31 32595 90 25 1163 11.638000 16 1 
-688 1089 129 32 32615 90 25 1161 11.610001 16 1 
-683 1089 128 33 32635 95 25 1157 11.576000 16 1 
-678 1088 128 34 32655 110 25 1154 11.542001 16 1 
-673 1089 127 35 32675 105 25 1151 11.518001 16 1 
-667 1087 127 36 32695 105 25 1147 11.470000 16 1 
-662 1087 126 37 32715 100 25 1144 11.442000 16 1 
-658 1087 126 38 32735 95 25 1141 11.412001 16 1 
-653 1087 126 39 32755 95 25 1138 11.384001 16 1 
-648 1087 125 40 32775 105 25 1135 11.358001 16 1 
-643 1086 125 41 32794 115 25 1132 11.328000 16 1 
-638 1085 124 42 32814 120 25 1128 11.286000 16 1 
-634 1086 124 43 32834 120 25 1127 11.270000 16 1 
-629 1086 124 44 32854 115 25 1124 11.248000 16 1 
-625 1087 123 45 32874 115 25 1122 11.224001 16 1 
-620 1086 123 46 32894 100 25 1119 11.198001 16 1 
-615 1086 123 47 32913 120 25 1116 11.166000 16 1 
-611 1086 122 48 32933 125 25 1114 11.146001 16 1 
-607 1087 122 49 32953 125 25 1113 11.130000 16 1 
-603 1088 122 50 32973 125 25 1111 11.114000 16 1 
-598 1088 122 51 32994 130 25 1108 11.088000 16 1 
-593 1088 121 52 33014 130 25 1106 11.064000 16 1 
-589 1087 121 53 33033 120 25 1103 11.036000 16 1 
-585 1088 121 54 33053 120 25 1102 11.022000 16 1 
-582 1090 121 55 33072 120 25 1101 11.018001 16 1 
-577 1089 120 56 33092 115 25 1099 10.992001 16 1 
-572 1088 120 57 33112 115 25 1095 10.958000 16 1 
-568 1089 120 58 33132 115 25 1094 10.942000 16 1 
-564 1090 120 59 33152 120 25 1092 10.928000 16 1 
-560 1089 119 60 33172 115 25 1090 10.904000 16 1 
-555 1090 119 61 33192 120 25 1088 10.884001 16 1 
-551 1089 119 62 33212 115 25 1085 10.858001 16 1 
-547 1090 118 63 33232 112 25 1084 10.842001 16 1 
-543 1091 118 64 33252 115 25 1083 10.830001 16 1 
-539 1091 118 65 33272 107 25 1081 10.816001 16 1 
-535 1091 118 66 33292 102 25 1079 10.796000 16 1 
-530 1091 118 67 33312 115 25 1077 10.770000 16 1 
-527 1092 117 68 33332 120 25 1076 10.760000 16 1 
-523 1093 117 69 33352 120 25 1074 10.748000 16 1 
-519 1094 117 70 33372 140 25 1074 10.742001 16 1 
-515 1094 117 71 33391 130 25 1072 10.728001 16 1 
-513 1097 117 72 33411 120 25 1074 10.744000 16 1 
-511 1101 118 73 33431 70 25 1077 10.770000 16 1 
-511 1109 119 74 33451 45 25 1083 10.836000 16 1 
-511 1117 120 75 33470 40 25 1090 10.906000 16 1 
-510 1124 121 76 33489 40 25 1097 10.970000 16 1 
-510 1131 121 77 33509 40 25 1103 11.032001 16 1 
-509 1138 122 78 33530 40 25 1109 11.094001 16 1 
-514 1202 131 79 33650 5 25 1169 11.694000 16 1 
-517 1217 133 80 33669 5 25 1184 11.846001 16 1 
-520 1232 135 81 33689 10 25 1199 11.994000 16 1 
-518 1240 136 82 33709 5 25 1205 12.054001 16 1 
-522 1259 138 83 33729 10 25 1224 12.246000 16 1 
-524 1273 140 84 33749 15 25 1238 12.382001 16 1 
-523 1280 141 85 33769 15 25 1244 12.448001 16 1 
-511 1264 138 86 33788 5 25 1224 12.246000 16 1 
-517 1298 143 87 33828 15 25 1258 12.582001 16 1 
-515 1304 144 88 33848 15 25 1263 12.634001 16 1 
-521 1329 147 89 33868 15 25 1288 12.888000 16 1 
-518 1334 148 90 33888 10 25 1292 12.926001 16 1 
-520 1348 150 91 33908 27 25 1306 13.064001 16 1 
-515 1350 150 92 33928 17 25 1306 13.066001 16 1 
-516 1362 152 93 33947 17 25 1317 13.178000 16 1 
-515 1373 153 94 33967 10 25 1328 13.282001 16 1 
-514 1381 154 95 33987 22 25 1334 13.348001 16 1 
-514 1394 156 96 34007 10 25 1346 13.466001 16 1 
-518 1416 159 97 34027 10 25 1368 13.686001 16 1 
-520 1435 161 98 34047 17 25 1388 13.880001 16 1 
-517 1439 162 99 34066 10 25 1390 13.906001 16 1 
-509 1433 161 100 34086 10 25 1381 13.814001 16 1 
-517 1465 165 101 34106 5 25 1414 14.146001 16 1 
-519 1485 168 102 34126 5 25 1434 14.346001 16 1 
-519 1499 170 103 34146 12 25 1447 14.470000 16 1 
-518 1510 171 104 34165 12 25 1457 14.574000 16 1 
-516 1520 173 105 34185 12 25 1466 14.666000 16 1 
-515 1532 174 106 34205 12 25 1477 14.770000 16 1 
-516 1548 176 107 34225 5 25 1492 14.926001 16 1 
-517 1569 179 108 34245 5 25 1513 15.130001 16 1 
-517 1584 181 109 34265 5 25 1527 15.274001 16 1 
-514 1590 182 110 34285 5 25 1532 15.326001 16 1 
-505 1596 182 111 34325 5 25 1534 15.346001 16 1 
-517 1682 194 112 34384 5 25 1621 16.210001 16 1 
-516 1699 197 113 34404 5 25 1637 16.374001 16 1 
-543 1802 212 114 34425 7 25 1744 17.442001 16 1 
-536 1800 211 115 34445 7 25 1740 17.402000 16 1 
-531 1802 211 116 34464 7 25 1741 17.410002 16 1 
-522 1793 210 117 34484 7 25 1729 17.294001 16 1 
-507 1765 205 118 34503 7 25 1697 16.978001 16 1 
-503 1812 212 119 34564 7 25 1742 17.426001 16 1 
-495 1806 211 120 34583 7 25 1734 17.342001 16 1 
-740 1098 176 22 32438 37 25 1206 12.060000 17 1 
-733 1095 175 23 32457 72 25 1199 11.996000 17 1 
-728 1095 175 24 32477 60 25 1196 11.960001 17 1 
-699 1097 172 25 32596 5 25 1179 11.798000 17 1 
-691 1092 170 26 32616 5 25 1171 11.714001 17 1 
-684 1091 170 27 32637 5 25 1166 11.666000 17 1 
-679 1090 169 28 32656 5 25 1163 11.630000 17 1 
-674 1090 168 29 32676 10 25 1159 11.594001 17 1 
-670 1091 168 30 32697 10 25 1157 11.578001 17 1 
-665 1091 168 31 32717 10 25 1155 11.550000 17 1 
-658 1087 166 32 32736 10 25 1147 11.478001 17 1 
-653 1087 166 33 32756 10 25 1145 11.454000 17 1 
-650 1089 166 34 32776 15 25 1144 11.448001 17 1 
-645 1090 166 35 32796 15 25 1143 11.432000 17 1 
-640 1089 165 36 32815 15 25 1139 11.398001 17 1 
-636 1090 165 37 32835 10 25 1137 11.378000 17 1 
-632 1091 165 38 32856 10 25 1136 11.362000 17 1 
-627 1090 164 39 32876 5 25 1133 11.330001 17 1 
-554 1087 157 40 33193 10 25 1091 10.918000 17 1 
-548 1092 157 41 33233 117 25 1092 10.922001 17 1 
-543 1091 157 42 33253 112 25 1089 10.896001 17 1 
-539 1092 157 43 33273 117 25 1088 10.882001 17 1 
-536 1093 156 44 33293 112 25 1087 10.874001 17 1 
-532 1094 156 45 33313 100 25 1086 10.860001 17 1 
-527 1093 156 46 33333 100 25 1083 10.838000 17 1 
-523 1093 155 47 33353 100 25 1081 10.812000 17 1 
-519 1094 155 48 33373 105 25 1080 10.800000 17 1 
-516 1096 155 49 33393 105 25 1081 10.810000 17 1 
-514 1099 156 50 33412 95 25 1082 10.820001 17 1 
-512 1104 156 51 33432 55 25 1085 10.854000 17 1 
-512 1111 157 52 33452 37 25 1091 10.918000 17 1 
-511 1119 159 53 33472 37 25 1098 10.988001 17 1 
-521 1154 165 54 33511 10 25 1135 11.354000 17 1 
-660 1439 220 55 33532 5 25 1457 14.574000 17 1 
-658 1447 222 56 33553 5 25 1463 14.638000 17 1 
-660 1462 224 57 33574 5 25 1477 14.778001 17 1 
-529 1215 175 58 33611 22 25 1194 11.946000 17 1 
-525 1216 175 59 33631 15 25 1194 11.940001 17 1 
-524 1224 176 60 33651 22 25 1200 12.002001 17 1 
-524 1232 178 61 33671 15 25 1207 12.072001 17 1 
-518 1229 177 62 33690 5 25 1202 12.026001 17 1 
-519 1240 179 63 33710 10 25 1212 12.126000 17 1 
-523 1259 182 64 33730 15 25 1232 12.322001 17 1 
-514 1259 181 65 33770 5 25 1228 12.282001 17 1 
-523 1323 192 66 33850 10 25 1291 12.918000 17 1 
-521 1330 193 67 33870 15 25 1297 12.974001 17 1 
-573 1461 218 68 33889 5 25 1440 14.402000 17 1 
-569 1465 218 69 33909 5 25 1442 14.422001 17 1 
-521 1362 199 70 33929 10 25 1327 13.270000 17 1 
-518 1368 199 71 33949 10 25 1331 13.310000 17 1 
-522 1389 203 72 33968 10 25 1352 13.526001 17 1 
-522 1401 205 73 33988 15 25 1364 13.640000 17 1 
-522 1414 207 74 34008 10 25 1375 13.758000 17 1 
-520 1422 208 75 34028 5 25 1383 13.834001 17 1 
-518 1430 210 76 34048 10 25 1389 13.898001 17 1 
-514 1431 210 77 34067 5 25 1389 13.894001 17 1 
-522 1465 216 78 34087 5 25 1423 14.238001 17 1 
-522 1480 218 79 34107 10 25 1438 14.382001 17 1 
-520 1487 219 80 34128 5 25 1444 14.442000 17 1 
-515 1562 232 81 34246 10 25 1514 15.146001 17 1 
-515 1575 234 82 34266 17 25 1527 15.270000 17 1 
-515 1593 237 83 34286 10 25 1544 15.442000 17 1 
-517 1616 241 84 34306 5 25 1566 15.666000 17 1 
-539 1698 256 85 34327 5 25 1653 16.530001 17 1 
-737 1108 221 2 32478 2 25 1220 12.204000 18 1 
-730 1105 219 3 32499 32 25 1214 12.140000 18 1 
-725 1106 219 4 32519 20 25 1211 12.118001 18 1 
-722 1108 219 5 32538 2 25 1211 12.116000 18 1 
-718 1110 219 6 32558 10 25 1210 12.104001 18 1 
-713 1110 218 7 32578 15 25 1206 12.068001 18 1 
-707 1108 217 8 32598 32 25 1202 12.020000 18 1 
-702 1109 217 9 32618 22 25 1200 12.004001 18 1 
-694 1105 215 10 32639 15 25 1192 11.924001 18 1 
-690 1106 215 11 32658 25 25 1190 11.906000 18 1 
-685 1106 214 12 32678 25 25 1187 11.874001 18 1 
-679 1105 213 13 32699 22 25 1183 11.834001 18 1 
-676 1108 213 14 32719 32 25 1183 11.834001 18 1 
-673 1110 213 15 32738 32 25 1183 11.838000 18 1 
-665 1105 211 16 32758 32 25 1175 11.752001 18 1 
-662 1107 211 17 32778 17 25 1175 11.750001 18 1 
-656 1106 211 18 32798 22 25 1170 11.706000 18 1 
-650 1104 210 19 32817 30 25 1165 11.658001 18 1 
-646 1105 209 20 32837 10 25 1163 11.634001 18 1 
-696 1188 229 21 32858 10 25 1262 12.624001 18 1 
-694 1193 230 22 32878 10 25 1265 12.654000 18 1 
-694 1200 231 23 32897 10 25 1272 12.720000 18 1 
-621 1096 205 24 32917 10 25 1142 11.424001 18 1 
-618 1098 205 25 32936 10 25 1142 11.422001 18 1 
-614 1099 204 26 32956 15 25 1140 11.408001 18 1 
-611 1102 205 27 32977 22 25 1142 11.420000 18 1 
-608 1104 205 28 32997 30 25 1141 11.418000 18 1 
-599 1097 203 29 33017 22 25 1131 11.316001 18 1 
-601 1108 205 30 33037 30 25 1141 11.416000 18 1 
-596 1107 204 31 33056 15 25 1138 11.384001 18 1 
-586 1098 201 32 33076 22 25 1125 11.254001 18 1 
-586 1105 203 33 33095 15 25 1131 11.312000 18 1 
-583 1107 203 34 33116 25 25 1130 11.308001 18 1 
-576 1103 201 35 33135 22 25 1124 11.242001 18 1 
-572 1103 201 36 33155 22 25 1121 11.216001 18 1 
-570 1107 201 37 33175 25 25 1124 11.246000 18 1 
-567 1110 202 38 33195 25 25 1125 11.256001 18 1 
-561 1108 201 39 33215 30 25 1120 11.206000 18 1 
-557 1108 200 40 33235 22 25 1119 11.190001 18 1 
-554 1110 200 41 33255 17 25 1119 11.194000 18 1 
-547 1106 199 42 33275 10 25 1112 11.126000 18 1 
-539 1100 197 43 33295 2 25 1102 11.024000 18 1 
-535 1100 196 44 33315 22 25 1100 11.002001 18 1 
-530 1098 196 45 33335 37 25 1096 10.966001 18 1 
-527 1100 196 46 33355 70 25 1096 10.964001 18 1 
-523 1102 196 47 33375 97 25 1096 10.966001 18 1 
-520 1104 196 48 33395 75 25 1096 10.968000 18 1 
-519 1109 197 49 33414 30 25 1101 11.010000 18 1 
-520 1118 198 50 33434 40 25 1109 11.096001 18 1 
-518 1124 199 51 33454 32 25 1114 11.140000 18 1 
-519 1132 201 52 33473 30 25 1121 11.218000 18 1 
-519 1140 203 53 33492 25 25 1129 11.290001 18 1 
-536 1192 214 54 33533 7 25 1184 11.840000 18 1 
-534 1198 215 55 33554 2 25 1188 11.888000 18 1 
-533 1205 216 56 33575 2 25 1194 11.944000 18 1 
-531 1210 217 57 33593 10 25 1199 11.992001 18 1 
-528 1213 217 58 33613 15 25 1200 12.004001 18 1 
-527 1221 219 59 33633 10 25 1206 12.068001 18 1 
-527 1230 221 60 33653 2 25 1215 12.152000 18 1 
-527 1239 222 61 33673 2 25 1223 12.236001 18 1 
-523 1260 226 62 33732 2 25 1241 12.416000 18 1 
-523 1269 228 63 33752 2 25 1249 12.496000 18 1 
-521 1277 229 64 33772 20 25 1256 12.564000 18 1 
-522 1288 231 65 33792 20 25 1266 12.668000 18 1 
-522 1299 234 66 33811 15 25 1277 12.776001 18 1 
-523 1312 236 67 33831 12 25 1290 12.902000 18 1 
-524 1327 239 68 33852 2 25 1304 13.040001 18 1 
-755 1131 -46 41 33238 20 25 1307 13.076000 26 2 
-750 1132 -46 42 33258 50 25 1305 13.052001 26 2 
-745 1132 -46 43 33278 40 25 1302 13.028001 26 2 
-740 1132 -45 44 33297 40 25 1300 13.000001 26 2 
-736 1133 -45 45 33317 40 25 1299 12.992001 26 2 
-730 1133 -45 46 33337 40 25 1296 12.968000 26 2 
-725 1133 -45 47 33357 50 25 1293 12.936001 26 2 
-719 1132 -45 48 33377 50 25 1289 12.896001 26 2 
-714 1132 -45 49 33397 50 25 1287 12.870001 26 2 
-709 1132 -45 50 33417 50 25 1284 12.844001 26 2 
-704 1133 -45 51 33437 50 25 1283 12.832001 26 2 
-699 1132 -45 52 33457 50 25 1280 12.802001 26 2 
-693 1132 -45 53 33477 50 25 1277 12.772000 26 2 
-686 1127 -45 54 33495 52 25 1269 12.692000 26 2 
-681 1126 -45 55 33515 52 25 1266 12.664001 26 2 
-676 1126 -44 56 33535 52 25 1263 12.638000 26 2 
-671 1127 -44 57 33555 42 25 1262 12.620001 26 2 
-666 1126 -44 58 33575 52 25 1259 12.592001 26 2 
-660 1125 -44 59 33595 52 25 1255 12.552001 26 2 
-655 1125 -44 60 33615 52 25 1253 12.536000 26 2 
-651 1126 -44 61 33635 42 25 1252 12.520000 26 2 
-646 1125 -44 62 33655 52 25 1249 12.492001 26 2 
-641 1126 -44 63 33675 52 25 1247 12.472000 26 2 
-636 1125 -44 64 33695 52 25 1243 12.438001 26 2 
-631 1126 -44 65 33715 52 25 1242 12.428000 26 2 
-627 1126 -44 66 33735 52 25 1241 12.412001 26 2 
-622 1126 -44 67 33755 52 25 1238 12.386001 26 2 
-617 1126 -44 68 33774 52 25 1237 12.370001 26 2 
-613 1126 -44 69 33794 52 25 1235 12.354001 26 2 
-608 1126 -44 70 33814 52 25 1233 12.330001 26 2 
-603 1127 -44 71 33834 65 25 1232 12.322001 26 2 
-598 1126 -44 72 33854 65 25 1229 12.294001 26 2 
-594 1126 -44 73 33874 52 25 1227 12.274000 26 2 
-589 1126 -44 74 33894 52 25 1225 12.250001 26 2 
-584 1127 -44 75 33914 52 25 1223 12.238001 26 2 
-580 1128 -44 76 33934 65 25 1223 12.230000 26 2 
-576 1128 -44 77 33954 65 25 1221 12.218000 26 2 
-571 1129 -44 78 33973 65 25 1220 12.202001 26 2 
-566 1128 -44 79 33993 65 25 1217 12.174001 26 2 
-562 1128 -44 80 34012 65 25 1216 12.162001 26 2 
-558 1130 -44 81 34032 65 25 1215 12.158001 26 2 
-554 1130 -44 82 34052 65 25 1214 12.142000 26 2 
-549 1129 -43 83 34072 65 25 1211 12.114000 26 2 
-544 1129 -43 84 34092 65 25 1210 12.102000 26 2 
-540 1129 -43 85 34112 65 25 1207 12.078001 26 2 
-536 1131 -43 86 34131 42 25 1208 12.088000 26 2 
-532 1132 -43 87 34151 65 25 1207 12.078001 26 2 
-528 1133 -43 88 34171 52 25 1207 12.070001 26 2 
-524 1135 -43 89 34192 42 25 1207 12.076000 26 2 
-522 1142 -44 90 34212 32 25 1213 12.136001 26 2 
-522 1152 -44 91 34231 10 25 1223 12.232000 26 2 
-522 1164 -45 92 34251 10 25 1234 12.340000 26 2 
-521 1173 -45 93 34271 10 25 1242 12.420001 26 2 
-521 1187 -45 94 34291 10 25 1255 12.552001 26 2 
-522 1241 -47 98 34370 10 25 1306 13.068001 26 2 
-654 1218 -47 731 33801 15 25 1335 13.358001 27 2 
-650 1219 -47 732 33821 15 25 1334 13.348001 27 2 
-645 1219 -47 733 33841 12 25 1332 13.326000 27 2 
-640 1220 -47 734 33861 7 25 1332 13.320001 27 2 
-634 1218 -47 735 33881 7 25 1327 13.272000 27 2 
-629 1218 -47 736 33901 10 25 1326 13.260000 27 2 
-625 1219 -47 737 33921 15 25 1325 13.250001 27 2 
-619 1219 -47 738 33941 15 25 1322 13.226001 27 2 
-615 1220 -47 739 33961 15 25 1321 13.216001 27 2 
-609 1219 -47 740 33981 12 25 1318 13.186001 27 2 
-606 1223 -47 741 34000 5 25 1320 13.206000 27 2 
-299 -2908 -82 25 18779 27 25 2931 29.316002 28 2 
-310 -2910 -82 26 18799 27 25 2934 29.340002 28 2 
-320 -2921 -82 27 18818 7 25 2945 29.456001 28 2 
-330 -2911 -82 28 18838 57 25 2936 29.362001 28 2 
-340 -2910 -82 29 18858 125 25 2936 29.364002 28 2 
-369 -2991 -84 30 18898 10 25 3020 30.200001 28 2 
-381 -3006 -84 31 18918 10 25 3035 30.356001 28 2 
-392 -3015 -84 32 18938 10 25 3045 30.456001 28 2 
-419 -3062 -85 33 18978 10 25 3095 30.956001 28 2 
-434 -3100 -86 34 18998 10 25 3135 31.356001 28 2 
-447 -3119 -87 35 19018 10 25 3155 31.556002 28 2 
-458 -3118 -86 36 19038 10 25 3155 31.556002 28 2 
-1674 -4360 -111 37 20351 27 25 4656 46.564003 28 2 
-1676 -4320 -110 38 20371 27 25 4620 46.200001 28 2 
-1676 -4273 -108 39 20391 25 25 4575 45.756001 28 2 
-1110 -1244 -29 113 22282 2 25 1626 16.266001 28 2 
-1105 -1229 -28 114 22301 7 25 1611 16.118000 28 2 
-1107 -1223 -28 115 22321 2 25 1608 16.086000 28 2 
-1108 -1215 -28 116 22341 2 25 1602 16.026001 28 2 
-1104 -1194 -28 117 22380 15 25 1584 15.842001 28 2 
-1120 -1204 -28 118 22400 32 25 1601 16.018002 28 2 
-1128 -1205 -28 119 22421 32 25 1607 16.078001 28 2 
-1128 -1196 -28 120 22441 35 25 1601 16.010000 28 2 
-1127 -1186 -27 121 22460 25 25 1592 15.926001 28 2 
-1103 -1151 -26 122 22479 2 25 1550 15.502001 28 2 
-1099 -1139 -26 123 22498 7 25 1539 15.390000 28 2 
-1102 -1133 -26 124 22520 7 25 1536 15.362000 28 2 
-1103 -1127 -26 125 22540 2 25 1533 15.330001 28 2 
-1103 -1119 -26 126 22560 2 25 1527 15.270000 28 2 
-1102 -1110 -25 127 22580 2 25 1519 15.194001 28 2 
-1100 -1100 -25 128 22599 2 25 1511 15.114000 28 2 
-1101 -1094 -25 129 22619 2 25 1507 15.070001 28 2 
-1100 -1084 -25 130 22639 2 25 1499 14.994000 28 2 
-1101 -1078 -25 131 22659 2 25 1495 14.958001 28 2 
-1101 -1070 -24 132 22679 2 25 1489 14.898001 28 2 
-1101 -1063 -24 133 22699 2 25 1484 14.842001 28 2 
-1099 -1053 -24 134 22719 2 25 1475 14.758000 28 2 
-1101 -1047 -24 135 22739 2 25 1473 14.730000 28 2 
-1101 -1040 -24 136 22759 5 25 1467 14.678000 28 2 
-1098 -1030 -24 137 22779 5 25 1458 14.586000 28 2 
-1098 -1022 -23 138 22799 5 25 1453 14.530001 28 2 
-1101 -1019 -23 139 22819 5 25 1453 14.530001 28 2 
-1101 -1011 -23 140 22839 5 25 1447 14.474001 28 2 
-1100 -1003 -23 141 22859 5 25 1440 14.402000 28 2 
-1100 -996 -23 142 22878 5 25 1435 14.354001 28 2 
-1099 -989 -23 143 22898 5 25 1430 14.302001 28 2 
-1099 -982 -22 144 22918 5 25 1425 14.254001 28 2 
-1098 -974 -22 145 22938 5 25 1419 14.190001 28 2 
-1100 -968 -22 146 22958 5 25 1416 14.162001 28 2 
-1099 -960 -22 147 22978 7 25 1410 14.102000 28 2 
-1099 -954 -22 148 22998 7 25 1405 14.056001 28 2 
-1099 -948 -22 149 23018 7 25 1401 14.018001 28 2 
-1101 -943 -21 150 23038 7 25 1399 13.996000 28 2 
-1101 -935 -21 151 23058 12 25 1394 13.942000 28 2 
-1098 -926 -21 152 23078 7 25 1386 13.860001 28 2 
-1098 -920 -21 153 23098 5 25 1381 13.818001 28 2 
-1098 -913 -21 154 23117 2 25 1377 13.770000 28 2 
-1101 -910 -21 155 23136 5 25 1377 13.770000 28 2 
-1098 -901 -20 156 23156 7 25 1369 13.694000 28 2 
-1097 -893 -20 157 23176 7 25 1363 13.632001 28 2 
-1097 -887 -20 158 23196 7 25 1359 13.594001 28 2 
-1098 -882 -20 159 23216 5 25 1357 13.570001 28 2 
-1101 -878 -20 160 23236 7 25 1356 13.564001 28 2 
-1102 -872 -20 161 23256 15 25 1353 13.530001 28 2 
-1103 -867 -20 162 23276 32 25 1350 13.508000 28 2 
-1105 -863 -20 163 23296 47 25 1349 13.498001 28 2 
-1108 -860 -19 164 23316 40 25 1349 13.498001 28 2 
-1111 -856 -19 165 23336 10 25 1349 13.492001 28 2 
-1115 -853 -19 166 23356 27 25 1350 13.504001 28 2 
-1119 -850 -19 167 23376 12 25 1351 13.518001 28 2 
-1130 -853 -19 168 23395 7 25 1361 13.618001 28 2 
-1136 -853 -19 169 23415 7 25 1366 13.668000 28 2 
-1140 -850 -19 170 23434 5 25 1367 13.678000 28 2 
-1139 -843 -19 171 23454 15 25 1362 13.628000 28 2 
-1139 -836 -19 172 23475 5 25 1358 13.586000 28 2 
-1145 -835 -19 173 23495 5 25 1361 13.618001 28 2 
-1152 -835 -19 174 23515 5 25 1367 13.678000 28 2 
-1160 -834 -19 175 23535 5 25 1373 13.734000 28 2 
-1163 -831 -19 176 23555 2 25 1374 13.746000 28 2 
-1169 -829 -19 177 23575 2 25 1377 13.778001 28 2 
-1176 -829 -19 178 23595 7 25 1383 13.834001 28 2 
-1184 -829 -19 179 23615 7 25 1389 13.898001 28 2 
-1194 -831 -19 180 23634 5 25 1399 13.990001 28 2 
-1204 -832 -19 181 23654 2 25 1407 14.078001 28 2 
-1213 -832 -19 182 23674 5 25 1414 14.146001 28 2 
-1235 -843 -19 183 23694 2 25 1438 14.382001 28 2 
-1480 2072 0 449 32928 15 25 2490 24.902000 28 2 
-1468 2070 0 450 32948 22 25 2481 24.818001 28 2 
-1459 2071 0 451 32968 45 25 2477 24.772001 28 2 
-1449 2072 0 452 32988 52 25 2472 24.726002 28 2 
-1439 2072 0 453 33008 85 25 2467 24.676001 28 2 
-1427 2069 0 454 33027 37 25 2458 24.588001 28 2 
-1417 2070 0 455 33047 30 25 2453 24.538002 28 2 
-1408 2071 0 456 33066 22 25 2450 24.502001 28 2 
-1398 2071 0 457 33086 22 25 2444 24.446001 28 2 
-1388 2071 0 458 33106 22 25 2438 24.386002 28 2 
-1378 2071 0 459 33126 22 25 2433 24.338001 28 2 
-1370 2074 0 460 33146 127 25 2431 24.316002 28 2 
-1365 2097 0 461 33185 7 25 2448 24.486002 28 2 
-1364 2113 0 462 33206 7 25 2461 24.618002 28 2 
-1363 2130 0 463 33227 7 25 2475 24.758001 28 2 
-751 1128 0 464 33247 47 25 1301 13.016001 28 2 
-745 1127 0 465 33267 70 25 1298 12.980000 28 2 
-739 1127 0 466 33287 72 25 1294 12.944000 28 2 
-734 1126 0 467 33306 62 25 1291 12.912001 28 2 
-729 1126 0 468 33326 70 25 1288 12.884001 28 2 
-724 1126 0 469 33346 60 25 1286 12.862000 28 2 
-718 1126 0 470 33366 55 25 1283 12.834001 28 2 
-714 1127 0 471 33386 75 25 1282 12.820001 28 2 
-707 1124 0 472 33406 57 25 1276 12.764001 28 2 
-702 1124 0 473 33426 57 25 1273 12.736001 28 2 
-697 1125 0 474 33446 57 25 1272 12.720000 28 2 
-693 1126 0 475 33466 57 25 1270 12.708000 28 2 
-688 1127 0 476 33486 62 25 1269 12.696001 28 2 
-683 1126 0 477 33504 65 25 1266 12.664001 28 2 
-677 1123 0 478 33524 60 25 1261 12.610001 28 2 
-672 1124 0 479 33544 57 25 1259 12.592001 28 2 
-668 1126 0 480 33564 65 25 1259 12.592001 28 2 
-662 1124 0 481 33584 55 25 1255 12.552001 28 2 
-657 1125 0 482 33604 55 25 1253 12.530001 28 2 
-652 1124 -1 483 33624 57 25 1250 12.500001 28 2 
-648 1125 -1 484 33644 62 25 1249 12.492001 28 2 
-643 1126 -1 485 33664 62 25 1247 12.476001 28 2 
-639 1126 -1 486 33684 65 25 1246 12.460001 28 2 
-634 1126 -1 487 33704 65 25 1243 12.432000 28 2 
-628 1124 -1 488 33724 60 25 1239 12.394001 28 2 
-623 1125 -1 489 33744 40 25 1237 12.376000 28 2 
-619 1125 -1 490 33764 47 25 1236 12.364000 28 2 
-615 1127 -1 491 33783 42 25 1236 12.362000 28 2 
-611 1127 -1 492 33803 32 25 1234 12.346001 28 2 
-606 1129 -1 493 33823 22 25 1234 12.340000 28 2 
-601 1128 -1 494 33843 15 25 1231 12.310000 28 2 
-600 1135 -1 495 33863 20 25 1237 12.374001 28 2 
-591 1127 -1 496 33883 20 25 1225 12.258000 28 2 
-586 1126 -1 497 33903 32 25 1223 12.232000 28 2 
-581 1125 -1 498 33923 50 25 1220 12.202001 28 2 
-577 1126 -1 499 33943 67 25 1218 12.188001 28 2 
-572 1125 -1 500 33963 67 25 1216 12.164001 28 2 
-568 1126 -1 501 33982 70 25 1215 12.154000 28 2 
-563 1125 -1 502 34002 67 25 1212 12.124001 28 2 
-558 1124 -1 503 34021 67 25 1209 12.096001 28 2 
-554 1125 -1 504 34041 72 25 1208 12.086000 28 2 
-550 1126 -1 505 34061 75 25 1208 12.088000 28 2 
-545 1125 -1 506 34081 75 25 1206 12.060000 28 2 
-540 1126 -1 507 34101 80 25 1204 12.046000 28 2 
-536 1125 -1 508 34121 80 25 1201 12.018001 28 2 
-531 1125 -1 509 34140 82 25 1200 12.008000 28 2 
-528 1128 -1 510 34160 135 25 1201 12.018001 28 2 
-524 1129 -1 511 34180 72 25 1201 12.014001 28 2 
-521 1133 -1 512 34201 47 25 1203 12.038000 28 2 
-519 1139 -1 513 34221 27 25 1208 12.088000 28 2 
-519 1150 -1 514 34240 17 25 1219 12.190001 28 2 
-519 1162 -2 515 34260 17 25 1230 12.306001 28 2 
-518 1174 -2 516 34280 17 25 1241 12.414001 28 2 
-520 1189 -2 517 34300 45 25 1256 12.560000 28 2 
-519 1200 -2 518 34320 50 25 1265 12.658001 28 2 
-519 1212 -2 519 34340 45 25 1277 12.770000 28 2 
-519 1225 -2 520 34360 57 25 1289 12.892000 28 2 
-517 1234 -2 521 34379 32 25 1297 12.976001 28 2 
-516 1245 -2 522 34399 15 25 1307 13.074000 28 2 
-516 1258 -2 523 34418 12 25 1319 13.194000 28 2 
-517 1273 -2 524 34438 12 25 1334 13.342001 28 2 
-516 1287 -2 525 34460 15 25 1346 13.466001 28 2 
-516 1302 -2 526 34479 17 25 1361 13.612000 28 2 
-515 1314 -2 527 34499 62 25 1372 13.722001 28 2 
-510 1312 -2 528 34519 15 25 1368 13.688001 28 2 
-527 1380 -2 529 34539 20 25 1439 14.390000 28 2 
-524 1386 -3 530 34559 15 25 1443 14.432001 28 2 
-524 1403 -3 531 34579 10 25 1459 14.594001 28 2 
-525 1424 -3 532 34599 15 25 1479 14.794001 28 2 
-518 1420 -3 533 34619 15 25 1474 14.744000 28 2 
-515 1425 -3 534 34639 15 25 1478 14.780001 28 2 
-515 1444 -3 535 34659 15 25 1496 14.962001 28 2 
-515 1462 -3 536 34679 15 25 1513 15.134001 28 2 
-514 1479 -3 537 34699 17 25 1529 15.294001 28 2 
-514 1495 -3 538 34718 15 25 1544 15.444001 28 2 
-513 1513 -3 539 34738 15 25 1561 15.616001 28 2 
-513 1533 -3 540 34758 10 25 1581 15.812000 28 2 
-514 1555 -3 541 34778 15 25 1602 16.020000 28 2 
-513 1573 -4 542 34798 10 25 1619 16.192001 28 2 
-513 1592 -4 543 34818 10 25 1637 16.378000 28 2 
-513 1615 -4 544 34838 10 25 1659 16.594000 28 2 
-513 1638 -4 545 34858 12 25 1681 16.818001 28 2 
-512 1658 -4 546 34878 12 25 1701 17.010000 28 2 
-512 1681 -4 547 34898 12 25 1723 17.238001 28 2 
-510 1696 -4 548 34918 22 25 1737 17.374001 28 2 
-516 1746 -4 549 34938 12 25 1786 17.868000 28 2 
-522 1795 -5 550 34958 15 25 1836 18.362001 28 2 
-517 1803 -5 551 34977 25 25 1843 18.434000 28 2 
-510 1798 -5 552 34996 30 25 1836 18.368000 28 2 
-506 1811 -5 553 35016 15 25 1848 18.486000 28 2 
-510 1887 -5 554 35056 5 25 1923 19.230001 28 2 
-1136 5006 -15 555 35156 77 25 5103 51.038002 28 2 
-1100 5008 -16 556 35196 255 25 5098 50.984001 28 2 
-333 -2907 20 8 18847 40 25 2932 29.322001 29 2 
-343 -2910 20 9 18867 12 25 2935 29.356001 29 2 
-381 -3208 22 10 18887 70 25 3235 32.356003 29 2 
-1121 -1097 27 32 22668 2 25 1523 15.230000 29 2 
-1123 -1091 27 33 22688 7 25 1519 15.196001 29 2 
-1123 -1083 27 34 22708 15 25 1514 15.140000 29 2 
-1122 -1075 27 35 22728 15 25 1507 15.076001 29 2 
-1123 -1068 27 36 22749 10 25 1503 15.030001 29 2 
-1111 -1034 27 37 22808 2 25 1470 14.704000 29 2 
-1133 -1048 27 38 22829 2 25 1496 14.964001 29 2 
-1144 -1052 28 39 22848 2 25 1506 15.064001 29 2 
-1150 -1051 28 40 22868 2 25 1510 15.104001 29 2 
-1154 -1048 28 41 22887 2 25 1510 15.104001 29 2 
-1165 -1051 28 42 22907 2 25 1520 15.204000 29 2 
-1174 -1052 28 43 22927 20 25 1528 15.280001 29 2 
-1182 -1053 29 44 22947 2 25 1534 15.344001 29 2 
-1088 -955 26 45 22967 20 25 1399 13.992001 29 2 
-1091 -951 26 46 22987 22 25 1398 13.984000 29 2 
-1094 -948 26 47 23007 27 25 1398 13.982000 29 2 
-1098 -945 26 48 23027 15 25 1399 13.990001 29 2 
-1110 -949 27 49 23047 2 25 1410 14.104001 29 2 
-1110 -942 27 50 23067 2 25 1405 14.056001 29 2 
-1117 -942 27 51 23087 2 25 1410 14.104001 29 2 
-1241 -1035 30 52 23145 2 25 1564 15.648001 29 2 
-1183 -975 29 53 23165 2 25 1481 14.816001 29 2 
-1185 -970 29 54 23185 2 25 1480 14.804001 29 2 
-1245 -946 30 55 23404 2 25 1510 15.104001 29 2 
-1248 -942 30 56 23424 2 25 1510 15.104001 29 2 
-1249 -936 30 57 23443 7 25 1506 15.066001 29 2 
-1478 2092 87 197 32957 20 25 2507 25.076002 29 2 
-1467 2091 86 198 32977 10 25 2500 25.000002 29 2 
-1458 2093 86 199 32997 20 25 2496 24.964001 29 2 
-1447 2092 86 200 33016 20 25 2490 24.906002 29 2 
-1435 2089 86 201 33036 20 25 2481 24.812000 29 2 
-1425 2090 85 202 33056 10 25 2476 24.760000 29 2 
-1416 2090 85 203 33075 10 25 2471 24.716002 29 2 
-1406 2091 85 204 33095 7 25 2467 24.672001 29 2 
-1395 2090 85 205 33115 17 25 2460 24.600000 29 2 
-1385 2091 84 206 33136 17 25 2456 24.560001 29 2 
-1382 2102 85 207 33155 7 25 2463 24.632002 29 2 
-1380 2114 85 208 33174 10 25 2473 24.732000 29 2 
-1384 2138 86 209 33195 10 25 2494 24.948002 29 2 
-1382 2152 86 210 33216 10 25 2506 25.060001 29 2 
-753 1127 44 211 33236 10 25 1302 13.024000 29 2 
-746 1126 44 212 33256 35 25 1298 12.982000 29 2 
-743 1129 44 213 33276 2 25 1299 12.996000 29 2 
-732 1127 44 214 33315 35 25 1291 12.914001 29 2 
-726 1126 44 215 33335 55 25 1287 12.876000 29 2 
-720 1124 44 216 33355 52 25 1283 12.836000 29 2 
-715 1125 44 217 33375 52 25 1281 12.816001 29 2 
-709 1124 43 218 33395 47 25 1278 12.780001 29 2 
-704 1124 43 219 33415 42 25 1275 12.754001 29 2 
-699 1124 43 220 33435 47 25 1273 12.734000 29 2 
-694 1124 43 221 33455 52 25 1270 12.704000 29 2 
-689 1124 43 222 33475 55 25 1268 12.680000 29 2 
-684 1124 43 223 33493 55 25 1265 12.656000 29 2 
-679 1124 43 224 33513 52 25 1263 12.632001 29 2 
-674 1123 43 225 33534 52 25 1260 12.604001 29 2 
-668 1122 42 226 33553 52 25 1256 12.564000 29 2 
-664 1122 42 227 33573 52 25 1254 12.548000 29 2 
-659 1123 42 228 33593 55 25 1253 12.534000 29 2 
-654 1123 42 229 33613 55 25 1251 12.510000 29 2 
-649 1123 42 230 33633 60 25 1248 12.482000 29 2 
-644 1123 42 231 33653 60 25 1245 12.458000 29 2 
-639 1123 42 232 33673 60 25 1244 12.440001 29 2 
-635 1123 42 233 33693 55 25 1242 12.422001 29 2 
-630 1123 42 234 33713 52 25 1239 12.394001 29 2 
-625 1123 42 235 33733 55 25 1237 12.378000 29 2 
-620 1122 41 236 33753 55 25 1234 12.346001 29 2 
-615 1123 41 237 33773 60 25 1233 12.336000 29 2 
-611 1124 41 238 33792 60 25 1232 12.324000 29 2 
-607 1124 41 239 33812 60 25 1231 12.310000 29 2 
-602 1124 41 240 33832 60 25 1228 12.282001 29 2 
-596 1122 41 241 33852 52 25 1224 12.246000 29 2 
-592 1123 41 242 33872 52 25 1223 12.234000 29 2 
-588 1124 41 243 33892 52 25 1222 12.226001 29 2 
-583 1125 41 244 33912 52 25 1221 12.214001 29 2 
-578 1124 41 245 33932 52 25 1219 12.190001 29 2 
-573 1123 40 246 33952 55 25 1215 12.158001 29 2 
-569 1124 40 247 33972 60 25 1215 12.154000 29 2 
-565 1126 40 248 33991 60 25 1215 12.154000 29 2 
-561 1126 40 249 34011 60 25 1213 12.136001 29 2 
-556 1126 40 250 34030 60 25 1211 12.116000 29 2 
-551 1125 40 251 34050 60 25 1209 12.090000 29 2 
-547 1125 40 252 34070 27 25 1207 12.076000 29 2 
-544 1129 40 253 34091 15 25 1210 12.100000 29 2 
-543 1138 40 254 34110 2 25 1217 12.178000 29 2 
-534 1128 40 255 34130 10 25 1204 12.048000 29 2 
-530 1127 40 256 34149 47 25 1202 12.024000 29 2 
-527 1130 40 257 34169 67 25 1204 12.044001 29 2 
-522 1132 40 258 34190 40 25 1204 12.044001 29 2 
-520 1138 40 259 34211 27 25 1209 12.090000 29 2 
-519 1146 40 260 34230 15 25 1216 12.160001 29 2 
-519 1157 40 261 34249 15 25 1226 12.260000 29 2 
-519 1169 41 262 34269 15 25 1237 12.376000 29 2 
-518 1180 41 263 34289 15 25 1247 12.476001 29 2 
-519 1194 41 264 34309 10 25 1260 12.606001 29 2 
-518 1206 42 265 34330 15 25 1271 12.716001 29 2 
-517 1216 42 266 34349 10 25 1281 12.812000 29 2 
-519 1233 42 267 34369 10 25 1297 12.974001 29 2 
-519 1246 43 268 34388 10 25 1310 13.102000 29 2 
-519 1260 43 269 34408 10 25 1322 13.228001 29 2 
-519 1273 44 270 34427 10 25 1335 13.354001 29 2 
-518 1287 44 271 34450 10 25 1348 13.480000 29 2 
-517 1299 44 272 34469 10 25 1359 13.594001 29 2 
-518 1315 45 273 34488 15 25 1374 13.746000 29 2 
-518 1329 45 274 34508 10 25 1388 13.880001 29 2 
-517 1343 46 275 34529 10 25 1400 14.006001 29 2 
-517 1357 46 276 34548 10 25 1414 14.146001 29 2 
-517 1373 46 277 34568 7 25 1429 14.298000 29 2 
-517 1390 47 278 34588 10 25 1446 14.460001 29 2 
-517 1408 47 279 34608 7 25 1462 14.626000 29 2 
-516 1423 48 280 34628 7 25 1477 14.772000 29 2 
-516 1438 48 281 34648 10 25 1491 14.914001 29 2 
-515 1455 49 282 34668 7 25 1507 15.076001 29 2 
-515 1474 49 283 34689 7 25 1525 15.256001 29 2 
-516 1493 50 284 34708 7 25 1544 15.444001 29 2 
-515 1509 50 285 34727 7 25 1558 15.588000 29 2 
-515 1528 51 286 34747 7 25 1577 15.774001 29 2 
-514 1549 51 287 34768 7 25 1597 15.970001 29 2 
-514 1568 52 288 34787 7 25 1616 16.162001 29 2 
-514 1589 53 289 34807 7 25 1636 16.364000 29 2 
-514 1609 53 290 34827 7 25 1655 16.552000 29 2 
-513 1629 54 291 34847 7 25 1674 16.740002 29 2 
-513 1652 54 292 34867 2 25 1696 16.962000 29 2 
-512 1672 55 293 34887 2 25 1715 17.158001 29 2 
-513 1697 56 294 34907 2 25 1740 17.402000 29 2 
-511 1717 56 295 34927 2 25 1759 17.590000 29 2 
-511 1742 57 296 34947 2 25 1783 17.834002 29 2 
-511 1766 57 297 34967 5 25 1806 18.062000 29 2 
-511 1794 58 298 34986 5 25 1833 18.334002 29 2 
-508 1832 59 299 35025 5 25 1870 18.702002 29 2 
-510 1870 60 300 35045 5 25 1907 19.070002 29 2 
-753 1130 136 23 33239 22 25 1311 13.118001 30 2 
-747 1129 136 24 33259 40 25 1307 13.072001 30 2 
-742 1130 135 25 33279 55 25 1305 13.058001 30 2 
-737 1130 135 26 33299 60 25 1303 13.034000 30 2 
-731 1128 135 27 33319 60 25 1299 12.990001 30 2 
-725 1127 134 28 33338 52 25 1294 12.946001 30 2 
-720 1126 134 29 33358 52 25 1291 12.914001 30 2 
-714 1126 133 30 33378 55 25 1288 12.882001 30 2 
-709 1126 133 31 33398 55 25 1286 12.862000 30 2 
-703 1125 133 32 33418 55 25 1281 12.818001 30 2 
-698 1124 132 33 33438 55 25 1278 12.782001 30 2 
-692 1123 132 34 33458 55 25 1275 12.754001 30 2 
-687 1123 132 35 33478 50 25 1272 12.726001 30 2 
-683 1123 131 36 33496 47 25 1270 12.702001 30 2 
-678 1124 131 37 33517 30 25 1268 12.686001 30 2 
-673 1124 131 38 33537 30 25 1266 12.666000 30 2 
-668 1124 131 39 33557 20 25 1264 12.642000 30 2 
-665 1127 131 40 33576 2 25 1265 12.652000 30 2 
-635 1128 129 41 33696 5 25 1252 12.524000 30 2 
-629 1124 129 42 33716 22 25 1246 12.468000 30 2 
-624 1123 128 43 33736 22 25 1243 12.434001 30 2 
-618 1122 128 44 33756 30 25 1239 12.398001 30 2 
-614 1123 128 45 33776 55 25 1238 12.386001 30 2 
-609 1123 128 46 33796 60 25 1236 12.366000 30 2 
-605 1123 127 47 33815 65 25 1235 12.350000 30 2 
-599 1122 127 48 33835 55 25 1231 12.316001 30 2 
-595 1122 127 49 33855 57 25 1229 12.298000 30 2 
-591 1123 127 50 33875 55 25 1229 12.290001 30 2 
-587 1125 127 51 33895 55 25 1228 12.286000 30 2 
-582 1124 126 52 33915 57 25 1226 12.262001 30 2 
-577 1124 126 53 33935 57 25 1224 12.242001 30 2 
-572 1124 126 54 33955 60 25 1222 12.226001 30 2 
-568 1125 126 55 33975 65 25 1221 12.218000 30 2 
-564 1127 126 56 33995 60 25 1222 12.220000 30 2 
-560 1127 125 57 34014 65 25 1219 12.198001 30 2 
-555 1127 125 58 34034 57 25 1217 12.176001 30 2 
-551 1127 125 59 34053 57 25 1216 12.162001 30 2 
-546 1128 125 60 34074 60 25 1215 12.150001 30 2 
-542 1129 125 61 34094 60 25 1214 12.148001 30 2 
-538 1129 125 62 34114 60 25 1212 12.126000 30 2 
-533 1128 124 63 34133 57 25 1210 12.102000 30 2 
-529 1129 124 64 34153 60 25 1209 12.096001 30 2 
-526 1131 124 65 34172 55 25 1210 12.106001 30 2 
-523 1136 125 66 34193 47 25 1213 12.138000 30 2 
-520 1141 125 67 34214 20 25 1218 12.180000 30 2 
-520 1152 126 68 34233 15 25 1227 12.278001 30 2 
-520 1164 127 69 34252 12 25 1239 12.394001 30 2 
-521 1179 128 70 34272 2 25 1253 12.536000 30 2 
-523 1197 130 71 34292 2 25 1271 12.712001 30 2 
-536 1245 135 72 34313 2 25 1321 13.212001 30 2 
-532 1248 135 73 34333 2 25 1322 13.224001 30 2 
-533 1264 137 74 34353 7 25 1338 13.380001 30 2 
-532 1273 138 75 34372 2 25 1345 13.456000 30 2 
-528 1277 138 76 34392 2 25 1348 13.484000 30 2 
-537 1315 142 77 34411 7 25 1387 13.872001 30 2 
-530 1310 141 78 34431 2 25 1380 13.800000 30 2 
-530 1342 144 79 34472 2 25 1411 14.112000 30 2 
-531 1359 146 80 34491 2 25 1427 14.276001 30 2 
-532 1380 148 81 34512 2 25 1447 14.476001 30 2 
-529 1385 148 82 34532 7 25 1452 14.520000 30 2 
-528 1400 150 83 34552 2 25 1465 14.656001 30 2 
-528 1415 151 84 34571 2 25 1480 14.800001 30 2 
-525 1423 152 85 34591 2 25 1487 14.872001 30 2 
-533 1464 156 86 34611 2 25 1528 15.284000 30 2 
-531 1475 157 87 34631 2 25 1538 15.384001 30 2 
-523 1469 156 88 34651 2 25 1530 15.300001 30 2 
-532 1536 163 89 34692 2 25 1596 15.968000 30 2 
-530 1550 164 90 34711 5 25 1610 16.108002 30 2 
-529 1565 165 91 34730 5 25 1624 16.248001 30 2 
-531 1592 168 92 34751 5 25 1650 16.508001 30 2 
-588 1865 196 93 34810 5 25 1930 19.308001 30 2 
-522 1646 173 94 34830 5 25 1700 17.008001 30 2 
-531 1705 179 95 34850 5 25 1760 17.608002 30 2 
-532 1731 181 96 34870 5 25 1785 17.856001 30 2 
-518 1858 193 97 35008 5 25 1906 19.068001 30 2 
-749 1133 182 13 33261 12 25 1317 13.178000 31 2 
-743 1133 182 14 33281 27 25 1314 13.144001 31 2 
-738 1132 181 15 33301 5 25 1311 13.114000 31 2 
-736 1137 182 16 33320 5 25 1314 13.146001 31 2 
-728 1134 181 17 33340 27 25 1307 13.076000 31 2 
-722 1131 180 18 33360 27 25 1302 13.024000 31 2 
-716 1130 180 19 33380 25 25 1298 12.984000 31 2 
-712 1132 179 20 33400 32 25 1297 12.976001 31 2 
-706 1132 179 21 33420 25 25 1295 12.952001 31 2 
-701 1130 178 22 33440 32 25 1291 12.910001 31 2 
-696 1131 178 23 33460 32 25 1289 12.896001 31 2 
-690 1130 178 24 33480 25 25 1285 12.852000 31 2 
-685 1129 177 25 33498 32 25 1282 12.824000 31 2 
-681 1130 177 26 33518 32 25 1281 12.812000 31 2 
-677 1133 177 27 33539 12 25 1281 12.818001 31 2 
-673 1135 177 28 33558 5 25 1281 12.818001 31 2 
-666 1132 176 29 33578 17 25 1275 12.756001 31 2 
-662 1132 176 30 33598 17 25 1274 12.742001 31 2 
-657 1134 176 31 33618 12 25 1273 12.734000 31 2 
-656 1140 176 32 33638 5 25 1278 12.786000 31 2 
-655 1148 177 33 33658 5 25 1284 12.846001 31 2 
-737 1321 204 34 33678 20 25 1478 14.780001 31 2 
-739 1338 206 35 33698 20 25 1494 14.948001 31 2 
-739 1349 208 36 33718 7 25 1504 15.046000 31 2 
-627 1142 175 37 33758 12 25 1267 12.670001 31 2 
-622 1141 174 38 33778 12 25 1263 12.638000 31 2 
-616 1138 173 39 33797 12 25 1258 12.586000 31 2 
-612 1140 173 40 33817 5 25 1258 12.586000 31 2 
-610 1147 174 41 33837 5 25 1264 12.646001 31 2 
-546 1128 168 42 34075 12 25 1220 12.206000 31 2 
-542 1130 168 43 34096 57 25 1221 12.212001 31 2 
-538 1131 168 44 34115 57 25 1220 12.206000 31 2 
-534 1132 167 45 34135 65 25 1219 12.198001 31 2 
-530 1133 167 46 34154 65 25 1219 12.194000 31 2 
-527 1137 168 47 34174 52 25 1221 12.216001 31 2 
-524 1143 168 48 34195 32 25 1226 12.260000 31 2 
-523 1152 169 49 34216 17 25 1234 12.346001 31 2 
-537 1249 182 50 34314 5 25 1330 13.302001 31 2 
-536 1361 197 51 34474 5 25 1437 14.374001 31 2 
-532 1397 201 52 34534 5 25 1469 14.698001 31 2 
-536 1442 207 53 34573 7 25 1514 15.146001 31 2 
-530 1615 229 54 34773 7 25 1680 16.802000 31 2 
-531 1640 232 55 34792 7 25 1704 17.042002 31 2 
-627 1143 220 11 33760 2 25 1275 12.754001 32 2 
-620 1139 219 12 33779 2 25 1268 12.686001 32 2 
-566 1145 215 13 34017 2 25 1250 12.506001 32 2 
-562 1146 215 14 34037 2 25 1250 12.502001 32 2 
-556 1143 214 15 34057 2 25 1245 12.454000 32 2 
-550 1141 213 16 34077 2 25 1240 12.406000 32 2 
-545 1140 213 17 34097 12 25 1238 12.380000 32 2 
-541 1141 213 18 34117 35 25 1237 12.370001 32 2 
-537 1142 213 19 34136 35 25 1237 12.374001 32 2 
-535 1149 213 20 34156 20 25 1242 12.426001 32 2 
-535 1160 215 21 34176 17 25 1253 12.534000 32 2 
-533 1166 216 22 34197 17 25 1257 12.578001 32 2 
-532 1177 218 23 34217 12 25 1268 12.680000 32 2 
-533 1190 220 24 34236 2 25 1280 12.806001 32 2 
-536 1210 223 25 34256 2 25 1300 13.002001 32 2 
-535 1221 225 26 34276 2 25 1310 13.106001 32 2 
-536 1235 227 27 34296 2 25 1324 13.246000 32 2 
-535 1247 229 28 34316 2 25 1335 13.354001 32 2 
